1
0.000930500813621
	474.504950495
	0.479047444209

	599.0625
	0.527953306115

	704.779411765
	0.567377609435

	3993.75
	0.899210450377

2
0.000565141883402
	526.648351648
	0.413576562602

	599.0625
	0.465643914635

	704.779411765
	0.52908844763

	1065.0
	0.669076358266

	2083.69565217
	0.793358945148

	3993.75
	0.854613189322

3
0.00126113457058
	4356.81818182
	0.948808305589

4
0.00116806427277
5
0.00104225246122
	2178.40909091
	0.928029073651

6
0.000759375516137
	233.780487805
	0.228565038721

	247.036082474
	0.250160428563

	261.885245902
	0.278244812761

	280.263157895
	0.300897143962

	299.53125
	0.336496009227

	323.817567568
	0.37116345902

	349.817518248
	0.415337067939

	606.64556962
	0.691700553099

	871.363636364
	0.785412995455

	1452.27272727
	0.871120755323

	2083.69565217
	0.896241752786

	4356.81818182
	0.923678324304

7
0.000845118254771
	606.64556962
	0.629477018955

	715.298507463
	0.656335685435

	1409.55882353
	0.835755123509

	2083.69565217
	0.846697848244

8
0.00108554343589
	233.780487805
	0.240493674826

	245.769230769
	0.254905148952

	263.324175824
	0.281973242807

	280.263157895
	0.317003161043

	299.53125
	0.347460290723

	591.666666667
	0.709440785805

	704.779411765
	0.707729150672

	1452.27272727
	0.835549727899

9
0.00127135547504
	599.0625
	0.72395022779

	2178.40909091
	0.895083204623

	4792.5
	0.93649821737

10
0.000743074020084
	469.852941176
	0.695819082887

	526.648351648
	0.719353789671

	599.0625
	0.734781116718

	704.779411765
	0.753271444336

	840.789473684
	0.769968460922

	4356.81818182
	0.930337537013

11
0.0011542106164
	232.645631068
	0.23934375787

	247.036082474
	0.260578135905

	261.885245902
	0.277871723402

	278.63372093
	0.295732459847

	299.53125
	0.315246835888

	606.64556962
	0.652285667918

	4356.81818182
	0.937995357334

12
0.00080277855586
	383.4
	0.271261098853

	424.115044248
	0.35663208409

	469.852941176
	0.437736340996

	526.648351648
	0.492262357766

	599.0625
	0.531311597632

	704.779411765
	0.573789188516

	840.789473684
	0.61647291288

	1065.0
	0.677415972523

	1452.27272727
	0.758330695333

	2282.14285714
	0.822595816158

	4356.81818182
	0.893301807189

13
0.000999039322273
	474.504950495
	0.446815547313

	526.648351648
	0.502523948296

	606.64556962
	0.537446568874

	715.298507463
	0.584848364017

	855.803571429
	0.621136958297

	4356.81818182
	0.883602935908

14
0.00114692961532
	532.5
	0.598381792987

	606.64556962
	0.627812476177

	840.789473684
	0.691346587574

15
0.000653663476296
	383.4
	0.240495597437

	424.115044248
	0.336365970955

	465.291262136
	0.420771688302

	526.648351648
	0.461577153465

	599.0625
	0.478705202857

	694.565217391
	0.495480361741

	840.789473684
	0.519527382322

	1065.0
	0.567475106936

	1452.27272727
	0.649826649774

	4356.81818182
	0.856650340805

16
0.000692153261719
	297.670807453
	0.282539245232

	278.63372093
	0.284385421333

	319.5
	0.283079619113

	349.817518248
	0.319729186762

	383.4
	0.389810411742

	424.115044248
	0.475155741554

	469.852941176
	0.555077434276

	526.648351648
	0.605707625295

	694.565217391
	0.618437559048

	591.666666667
	0.623069861213

	840.789473684
	0.62099124761

	1065.0
	0.659247165794

	1497.65625
	0.725658651484

	4356.81818182
	0.899264126414

17
0.000803956227157
	208.369565217
	0.318208484563

	232.645631068
	0.388449462705

	247.036082474
	0.432502321372

	261.885245902
	0.462653750589

	295.833333333
	0.473396553926

	278.63372093
	0.475772361749

	319.5
	0.476599759162

	349.817518248
	0.499462357898

	386.491935484
	0.548240875628

	520.923913043
	0.692117243343

	684.642857143
	0.704881327504

	591.666666667
	0.707179937002

	840.789473684
	0.708568009101

	4356.81818182
	0.922143613306

18
0.00105202374817
	526.648351648
	0.543910722717

	599.0625
	0.577514118984

	694.565217391
	0.600380394429

	855.803571429
	0.632445794721

	4356.81818182
	0.917569538895

19
0.00106319352861
	83.203125
	0.230094482721

	81.9230769231
	0.239182520468

	526.648351648
	0.569284969044

	591.666666667
	0.5836998181

	694.565217391
	0.602407810493

	840.789473684
	0.601364813016

	1089.20454545
	0.637726786883

	4356.81818182
	0.887365460931

20
0.0012254956521
	247.036082474
	0.308388294138

	261.885245902
	0.322045519277

	297.670807453
	0.340032758037

	278.63372093
	0.348833312748

	323.817567568
	0.362680554673

	352.389705882
	0.404833050871

	855.803571429
	0.665358713847

	515.322580645
	0.689244147699

	591.666666667
	0.687996872805

	684.642857143
	0.691405003755

	1089.20454545
	0.698268801248

	4356.81818182
	0.896986513327

21
0.000949515174698
	347.282608696
	0.261199871081

	321.644295302
	0.262864330376

	233.780487805
	0.272742222099

	259.054054054
	0.332846363794

	278.63372093
	0.349867089518

	245.769230769
	0.378477196213

	420.394736842
	0.482521081592

	840.789473684
	0.472901841943

	1041.84782609
	0.532749475019

	675.0
	0.563853515971

	591.666666667
	0.588687458689

	509.840425532
	0.633265415729

	2178.40909091
	0.719996699793

	4356.81818182
	0.802609422393

22
0.000813277991732
	81.9230769231
	0.242135746809

	855.803571429
	0.273475707478

	591.666666667
	0.332264141142

	684.642857143
	0.350520365116

	509.840425532
	0.371024834148

	1041.84782609
	0.377663867586

	2178.40909091
	0.642832472488

	3993.75
	0.739772164105

23
0.000659017949927
	80.1421404682
	0.236326947792

	84.8230088496
	0.236790898981

	83.203125
	0.273678701668

	469.852941176
	0.269429789809

	81.9230769231
	0.302191963657

	515.322580645
	0.318105269305

	840.789473684
	0.315156829424

	591.666666667
	0.3342422427

	694.565217391
	0.354285129937

	1041.84782609
	0.424108085604

	2083.69565217
	0.625828765608

	3993.75
	0.738665635746

24
0.000919456170853
	231.52173913
	0.342602885795

	275.431034483
	0.348836127309

	244.515306122
	0.362602330887

	377.362204724
	0.372963909305

	420.394736842
	0.450545318076

	469.852941176
	0.495919990599

	509.840425532
	0.52335742261

	840.789473684
	0.516982050629

	694.565217391
	0.539945936055

	591.666666667
	0.555656450405

	1065.0
	0.566450514234

	1497.65625
	0.605712315045

	1996.875
	0.674096612344

	3686.53846154
	0.786292791953

25
0.00111911844025
	347.282608696
	0.286748954893

	323.817567568
	0.301675562229

	294.018404908
	0.351289825256

	383.4
	0.387043904276

	273.857142857
	0.422495347161

	245.769230769
	0.460256191602

	855.803571429
	0.443302050577

	424.115044248
	0.496969737622

	1065.0
	0.501835267851

	694.565217391
	0.53892959429

	591.666666667
	0.577292686538

	504.473684211
	0.602129378625

	1996.875
	0.653186777487

	3423.21428571
	0.776440352656

26
0.00142480839047
	374.4140625
	0.246904040881

	272.301136364
	0.27646899685

	247.036082474
	0.311497129742

	1019.68085106
	0.388467499028

	704.779411765
	0.404767728594

	420.394736842
	0.433232893318

	591.666666667
	0.475443613266

	504.473684211
	0.512431872634

	1917.0
	0.535772302346

	3423.21428571
	0.711373416388

27
0.00128860463162
	332.8125
	0.231910786997

	273.857142857
	0.241529115518

	374.4140625
	0.33285879825

	772.983870968
	0.456062128911

	1019.68085106
	0.464618929962

	424.115044248
	0.484576151428

	515.322580645
	0.497828609228

	577.409638554
	0.499842068472

	1843.26923077
	0.621516603318

	3423.21428571
	0.765963268664

28
0.00150268052854
	212.057522124
	0.285017835801

	233.780487805
	0.284040170948

	249.609375
	0.298295714661

	339.893617021
	0.311891883585

	377.362204724
	0.405240911396

	647.635135135
	0.46534817138

	785.655737705
	0.475781508044

	978.06122449
	0.492614305136

	557.26744186
	0.502490964849

	420.394736842
	0.506570289949

	474.504950495
	0.523952784622

	1295.27027027
	0.516740622091

	1843.26923077
	0.671615897856

	3686.53846154
	0.810103284537

29
0.00171569533996
	232.645631068
	0.327691916964

	337.5
	0.35116680493

	267.737430168
	0.359735768755

	248.316062176
	0.372177334168

	614.423076923
	0.376793629646

	374.4140625
	0.402983897273

	550.862068966
	0.405390996761

	760.714285714
	0.419802368106

	1261.18421053
	0.42291825824

	474.504950495
	0.467380486261

	958.5
	0.461571143594

	416.739130435
	0.5018991766

	1843.26923077
	0.600810989772

	3686.53846154
	0.756061627296

30
0.00180873133084
	211.123348018
	0.228478166583

	232.645631068
	0.261994419891

	772.983870968
	0.245650852174

	269.241573034
	0.28104823625

	374.4140625
	0.276572442866

	978.06122449
	0.271093350482

	249.609375
	0.292963308113

	584.451219512
	0.30468651924

	484.090909091
	0.359107936054

	420.394736842
	0.424297236395

	1775.0
	0.410778198177

	3423.21428571
	0.633911452108

31
0.00133335757288
	383.4
	0.22521495344

	772.983870968
	0.23700989904

	1019.68085106
	0.279246171822

	577.409638554
	0.312691408764

	427.901785714
	0.345472249341

	494.072164948
	0.379052897148

	1775.0
	0.416585291269

	3423.21428571
	0.623973927523

32
0.00114928170583
	630.592105263
	0.230480577769

	499.21875
	0.248832451455

	772.983870968
	0.278425450367

	1261.18421053
	0.294818846109

	998.4375
	0.300496802594

	1843.26923077
	0.493410915156

	3686.53846154
	0.714993512516

33
0.00134700671388
	614.423076923
	0.24036920217

	760.714285714
	0.242857554265

	1775.0
	0.420867757614

	3423.21428571
	0.670340981219

34
0.00155627041476
	305.25477707
	0.238026439397

	337.5
	0.296610995548

	694.565217391
	0.366190492451

	374.4140625
	0.387935630259

	826.293103448
	0.382881804357

	584.451219512
	0.399460800375

	479.25
	0.408903760248

	420.394736842
	0.432537993177

	1114.53488372
	0.42443744862

	1711.60714286
	0.595102890116

	3423.21428571
	0.773269985501

35
0.00130163575315
	259.054054054
	0.336491600342

	280.263157895
	0.34081016323

	305.25477707
	0.34240968606

	337.5
	0.37589623337

	855.803571429
	0.390460983028

	694.565217391
	0.409169120149

	1198.125
	0.41538813599

	584.451219512
	0.447175826833

	374.4140625
	0.458159638919

	504.473684211
	0.462750413006

	469.852941176
	0.487941004702

	416.739130435
	0.496044260667

	1775.0
	0.627414918314

	3686.53846154
	0.767667161142

36
0.00114163943991
	215.878378378
	0.244421683666

	243.274111675
	0.275345287546

	229.306220096
	0.281689059511

	665.625
	0.285789870222

	785.655737705
	0.287981795184

	374.4140625
	0.333242404004

	584.451219512
	0.350099335666

	409.615384615
	0.38580003276

	978.06122449
	0.3808557394

	1331.25
	0.404852613478

	504.473684211
	0.429078913661

	452.122641509
	0.437702591868

	1917.0
	0.612681112838

	3686.53846154
	0.726271262486

37
0.00154768631981
	584.451219512
	0.254426558249

	409.615384615
	0.266997865583

	509.840425532
	0.33167492708

	452.122641509
	0.337004925138

	998.4375
	0.355542602578

	1331.25
	0.366265753089

	1996.875
	0.584196428633

	3993.75
	0.708718236211

38
0.00097368444138
	231.52173913
	0.318549126664

	299.53125
	0.343915814716

	347.282608696
	0.386072693768

	684.642857143
	0.445881741919

	812.288135593
	0.452076016464

	591.666666667
	0.469495626167

	377.362204724
	0.481980138993

	515.322580645
	0.496169901368

	460.817307692
	0.5208977048

	416.739130435
	0.530060512475

	1019.68085106
	0.542211168604

	1369.28571429
	0.558149513971

	1996.875
	0.670314706412

	3993.75
	0.783609694379

39
0.00145725275001
	297.670807453
	0.436964789454

	321.644295302
	0.451815610481

	349.817518248
	0.504506314692

	380.357142857
	0.569421751743

	416.739130435
	0.625012276436

	694.565217391
	0.620539867961

	520.923913043
	0.638556796818

	826.293103448
	0.637997450572

	460.817307692
	0.648146784345

	591.666666667
	0.655102056631

	1041.84782609
	0.685557358581

	1409.55882353
	0.734129548568

	1996.875
	0.799739417304

	3993.75
	0.848415586342

40
0.00187137809032
	209.279475983
	0.245847001604

	295.833333333
	0.243876108231

	244.515306122
	0.282809605927

	280.263157895
	0.318887585691

	347.282608696
	0.39022891026

	424.115044248
	0.500802821783

	4356.81818182
	0.557070369038

	584.451219512
	0.597880157473

	958.5
	0.599452377757

	840.789473684
	0.641732580595

	1917.0
	0.824432708947

41
0.00305038449146
	210.197368421
	0.243589681744

	243.274111675
	0.263272857908

	280.263157895
	0.328756728964

	342.321428571
	0.352631029852

	427.901785714
	0.45251182962

	577.409638554
	0.571899561069

	840.789473684
	0.625714269488

	1917.0
	0.832161074847

42
0.00110489347703
	323.817567568
	0.448329756076

	380.357142857
	0.449873953099

	278.63372093
	0.455259673773

	347.282608696
	0.525554864819

	456.428571429
	0.554918935409

	694.565217391
	0.577389636002

	526.648351648
	0.599184226843

	420.394736842
	0.610238344404

	591.666666667
	0.688161503995

	998.4375
	0.693536738144

	4356.81818182
	0.723140882543

	840.789473684
	0.760588381591

	1452.27272727
	0.761163373931

	1996.875
	0.865055434305

43
0.000862438341925
	321.644295302
	0.490256156799

	278.63372093
	0.495155016647

	380.357142857
	0.497617144043

	347.282608696
	0.532001037239

	460.817307692
	0.583374974828

	416.739130435
	0.608530010156

	520.923913043
	0.613210620312

	694.565217391
	0.613995078298

	591.666666667
	0.684753800124

	1041.84782609
	0.681598716701

	840.789473684
	0.722750506865

	1409.55882353
	0.746489314406

	4356.81818182
	0.731427371587

	2083.69565217
	0.822301772356

44
0.00107283049807
	297.670807453
	0.334817472056

	321.644295302
	0.359152828248

	347.282608696
	0.393946035801

	380.357142857
	0.413488479591

	416.739130435
	0.476907686153

	465.291262136
	0.536105396007

	520.923913043
	0.574623215904

	1041.84782609
	0.580275174804

	826.293103448
	0.605268418423

	599.0625
	0.61491626111

	694.565217391
	0.619143619449

	1409.55882353
	0.622955470873

	2083.69565217
	0.709029112369

	3993.75
	0.716392569433

45
0.00185394510573
	349.817518248
	0.264069565006

	380.357142857
	0.323051449516

	684.642857143
	0.375247824929

	420.394736842
	0.443369605587

	591.666666667
	0.44301809908

	1996.875
	0.427992322701

	465.291262136
	0.49853560986

	520.923913043
	0.51163806487

	3993.75
	0.65868905047

46
0.00293496647502
	504.473684211
	0.53762546974

	424.115044248
	0.590636169215

	460.817307692
	0.605113910598

47
0.00284080634522
	278.63372093
	0.263698421404

	181.534090909
	0.281063365537

	1065.0
	0.258271953426

	684.642857143
	0.26718455022

	198.037190083
	0.28697712069

	189.42687747
	0.306946795884

	299.53125
	0.316246452215

	323.817567568
	0.395026517734

	577.409638554
	0.414501474911

	349.817518248
	0.484152381495

	380.357142857
	0.548361503095

	515.322580645
	0.558410224971

	416.739130435
	0.593610830534

	460.817307692
	0.594982327307

48
0.0588063164322
	812.288135593
	0.25684232792

	1198.125
	0.419047121582

	2396.25
	0.738550548187

49
0.178412030448
	173.641304348
	0.233186536757

	140.955882353
	0.240062592063

	187.941176471
	0.239105409918

	132.756232687
	0.260380147216

	1198.125
	0.258384178338

	2396.25
	0.640564007821

50
0.153467408703
	125.787401575
	0.231475016554

	132.756232687
	0.268751362493

	2522.36842105
	0.452526319798

51
0.0787642975039
	3195.0
	0.396803244235

52
0.19297722965
	100.894736842
	0.279968195926

	94.5266272189
	0.311227080231

	97.4085365854
	0.373085864784

	150.70754717
	0.477303119244

	144.788519637
	0.489556987789

	273.857142857
	0.625268523691

	297.670807453
	0.68961333118

	3423.21428571
	0.715232863697

53
0.501255554954
	97.6069246436
	0.639126303502

	146.112804878
	0.770601362823

	292.225609756
	0.901356799027

54
0.6255620606
	92.8779069767
	0.288381514228

	136.150568182
	0.37858811858

	100.471698113
	0.447822309938

	256.28342246
	0.465754688321

	154.596774194
	0.486650209517

	332.8125
	0.526586041328

	2178.40909091
	0.530653494296

	96.4285714286
	0.748082951596

	144.788519637
	0.855543858596

	288.704819277
	0.944644724677

55
0.683407285718
	182.919847328
	0.264562635463

	199.6875
	0.274024049989

	91.4599236641
	0.326088865706

	504.473684211
	0.301690357242

	665.625
	0.305054114745

	99.84375
	0.378067762182

	134.243697479
	0.381524517145

	153.605769231
	0.418658565027

	252.236842105
	0.433053452437

	330.517241379
	0.451889286701

	2083.69565217
	0.465335149171

	95.46812749
	0.840939232828

	143.488023952
	0.909583357105

	286.976047904
	0.968794484969

56
0.558638124862
	99.2236024845
	0.25544028552

	152.142857143
	0.311803030015

	328.253424658
	0.370756909062

	91.1121673004
	0.402405954041

	133.868715084
	0.429514062039

	252.236842105
	0.436860440979

	2178.40909091
	0.421925696111

	95.0892857143
	0.821654287317

	142.633928571
	0.90452182783

	285.267857143
	0.967748537455

57
0.444144485302
	86.3513513514
	0.294864935985

	90.2542372881
	0.371526963317

	139.316860465
	0.529397687129

	132.756232687
	0.607092807008

	254.920212766
	0.735920204277

	278.63372093
	0.848884654013

58
0.310626677293
	77.6742301459
	0.558944609006

	119.513715711
	0.6438283335

	244.515306122
	0.877756664904

59
0.321888722575
	77.1739130435
	0.906445412032

	116.041162228
	0.917315368207

	233.780487805
	0.96579114443

60
0.246176113085
	77.1739130435
	0.934177394001

	116.041162228
	0.956860714459

	231.52173913
	0.98004579496

61
0.192033390568
	77.0498392283
	0.909181953518

	116.605839416
	0.913320807087

	236.083743842
	0.920915300537

	4792.5
	0.900104524312

62
0.239814973375
	86.8206521739
	0.362783892324

	130.942622951
	0.613168512967

	257.661290323
	0.818758261216

63
0.690874685134
	87.6142595978
	0.820684074061

	131.301369863
	0.908370201823

	261.885245902
	0.966791450665

64
0.988476516199
	104.868708972
	0.285504237237

	174.908759124
	0.306836071396

	526.648351648
	0.317488685107

	87.2950819672
	0.911124518964

	130.942622951
	0.957936100975

	261.885245902
	0.988362150216

65
0.783391668103
	103.733766234
	0.239798905869

	173.014440433
	0.255838727111

	520.923913043
	0.264477556039

	86.5072202166
	0.951749684574

	129.87804878
	0.977121985656

	259.054054054
	0.993327113371

66
0.723460895939
	85.5803571429
	0.794787324214

	128.485254692
	0.892843000833

	256.28342246
	0.967871957824

67
0.414541554907
	85.2758007117
	0.431059518641

	127.460106383
	0.675463780356

	253.571428571
	0.897283795414

68
0.190299057272
	85.8870967742
	0.348002104162

	127.8
	0.628472580865

	254.920212766
	0.883548948986

69
0.192599798806
	86.0412926391
	0.437472503987

	1996.875
	0.44060634352

	129.527027027
	0.579160684199

	256.28342246
	0.696599720124

	3993.75
	0.71499651471

70
0.272809075088
	123.837209302
	0.226816160104

	84.2267135325
	0.237750590047

	249.609375
	0.235084136869

	86.0412926391
	0.256663901405

	266.25
	0.245529439018

	128.14171123
	0.271743363681

	132.024793388
	0.278868734055

	1917.0
	0.544224583184

	3686.53846154
	0.582345458573

71
0.164186794164
	116.605839416
	0.26825130668

	285.267857143
	0.255722141197

	958.5
	0.2592708519

	208.369565217
	0.290665208626

	128.14171123
	0.309085320178

	1295.27027027
	0.276943989547

	120.112781955
	0.318296529202

	219.839449541
	0.319526509055

	248.316062176
	0.323792994646

	123.837209302
	0.356051886472

	264.779005525
	0.351683521349

	233.780487805
	0.401152133136

	3686.53846154
	0.560873398738

	1917.0
	0.59716559541

72
0.226926712044
	84.9734042553
	0.408085530747

	81.6439522998
	0.41042104335

	82.9152249135
	0.413672714604

	1917.0
	0.43442175256

	124.158031088
	0.57956943159

	240.829145729
	0.634279126259

	256.28342246
	0.681481556168

	4356.81818182
	0.654637671198

73
0.339568661778
	87.2950819672
	0.690933011676

	130.585831063
	0.791601254802

	260.461956522
	0.910275372568

74
0.65040648772
	85.7334525939
	0.575078781024

	128.485254692
	0.763826472681

	257.661290323
	0.927388968277

75
0.847567535223
	83.347826087
	0.689749184568

	125.130548303
	0.829799135547

	250.916230366
	0.948980540079

76
0.790397818063
	82.0633561644
	0.850351384431

	123.200514139
	0.918490337582

	247.036082474
	0.974305611602

77
0.856464093922
	75.7109004739
	0.282138316

	88.5859519409
	0.2803918825

	138.913043478
	0.299554598334

	109.66819222
	0.307974410472

	321.644295302
	0.314937634535

	198.037190083
	0.324243909525

	1041.84782609
	0.325106557236

	81.6439522998
	0.907574361948

	122.570332481
	0.950552224864

	244.515306122
	0.983064828047

78
0.675396838309
	109.919724771
	0.232573336953

	199.6875
	0.28689335745

	1089.20454545
	0.331212667705

	317.38410596
	0.361432925003

	88.2596685083
	0.380838877185

	138.112391931
	0.37894530644

	81.6439522998
	0.88748129973

	122.570332481
	0.940780920669

	244.515306122
	0.980480879652

79
0.334357662142
	81.5051020408
	0.702927046765

	122.257653061
	0.823991939149

	244.515306122
	0.929521270934

80
0.133754640123
	76.3136942675
	0.370456585773

	203.936170213
	0.406202458084

	111.194895592
	0.458038342011

	121.637055838
	0.508143056083

	243.274111675
	0.804135272281

81
0.0766596810663
	1089.20454545
	0.292165676397

	81.6439522998
	0.375375062942

	200.523012552
	0.427598847357

	110.9375
	0.508871700624

	76.5575079872
	0.526717501

	122.570332481
	0.602291887013

	244.515306122
	0.768921860217

82
0.248680119191
	257.661290323
	0.252718975869

	232.645631068
	0.298345783604

83
0.19821781308
	122.884615385
	0.228205583189

	257.661290323
	0.329677364347

	232.645631068
	0.340505139581

	2282.14285714
	0.317538904121

84
0.360199252337
	80.5462184874
	0.559452778983

	121.329113924
	0.724455495657

	242.045454545
	0.884480301528

85
0.619216305016
	79.7420965058
	0.706708350637

	119.8125
	0.837944071184

	239.625
	0.945835016315

86
0.558007996712
	77.8003246753
	0.790212219201

	117.17603912
	0.879716986083

	234.926470588
	0.961899916621

87
0.467148743145
	76.5575079872
	0.945296527232

	114.928057554
	0.969664577794

	230.408653846
	0.989484535825

88
0.499265086683
	76.68
	0.98535453967

	114.928057554
	0.992797316784

	230.408653846
	0.99716159806

89
0.51316838354
	76.8028846154
	0.987100918642

	115.204326923
	0.994205550552

	230.408653846
	0.997518961188

90
0.497431795865
	76.8028846154
	0.991562035172

	115.204326923
	0.99655280994

	230.408653846
	0.99900006427

91
0.489145089362
	76.68
	0.966172651304

	114.928057554
	0.983873463419

	230.408653846
	0.99471430786

92
0.416238663823
	75.9508716323
	0.845945988513

	113.836104513
	0.921577566689

	227.132701422
	0.977434257967

93
0.230263205766
	76.4354066986
	0.691257621063

	113.836104513
	0.821337162565

	227.132701422
	0.939579003487

94
0.416801725545
	112.236533958
	0.726221307317

	225.0
	0.865225344054

95
0.587629115373
	110.172413793
	0.730797636029

	220.852534562
	0.90091227167

96
0.522325452497
	107.214765101
	0.759056136443

	214.910313901
	0.922430000653

97
0.59298116153
	105.32967033
	0.909035259652

	211.123348018
	0.96272668651

98
0.715432004152
	104.639737991
	0.938269543488

	209.279475983
	0.973932382732

99
0.760254680684
	103.958785249
	0.955592256734

	208.369565217
	0.984713413145

100
0.64311979194
	104.411764706
	0.934404595572

	208.369565217
	0.97863770195

101
0.602511697283
	105.32967033
	0.9081283984

	210.197368421
	0.969067223311

102
0.655460002531
	105.098684211
	0.790035246021

	210.197368421
	0.933408027865

103
0.321875956961
	103.733766234
	0.658486532678

	208.369565217
	0.877294739729

104
0.100645971702
	104.639737991
	0.679290223353

	209.279475983
	0.886978364445

105
0.282312161501
	102.623126338
	0.84963499872

	205.686695279
	0.954033622637

106
0.501207216335
	80.6818181818
	0.253963663665

	134.243697479
	0.326947395083

	402.731092437
	0.372214087508

	101.536016949
	0.829120034756

	203.072033898
	0.950634334545

107
0.440059850123
	79.7420965058
	0.259075668719

	133.125
	0.337425494994

	399.375
	0.397705817428

	99.84375
	0.676013642271

	200.523012552
	0.893879379838

108
0.135388547151
	79.875
	0.254055705538

	97.6069246436
	0.59516951153

	196.413934426
	0.854452872312

109
0.175510776722
	179.494382022
	0.231272168429

	106.263858093
	0.303727821732

	98.8144329897
	0.319362875963

	103.733766234
	0.369491713687

	101.107594937
	0.370849080614

	231.52173913
	0.370535365261

	188.681102362
	0.442689081345

	218.835616438
	0.552008917878

	197.222222222
	0.591630652423

	1917.0
	0.572761330109

	207.467532468
	0.640314872452

	3993.75
	0.833330817484

110
0.427351994774
	138.112391931
	0.238205869242

	413.146551724
	0.356083937286

	103.509719222
	0.589695333183

	208.369565217
	0.808028147013

111
0.519800380774
	81.7832764505
	0.351226527089

	136.538461538
	0.426452227743

	409.615384615
	0.500784661741

	102.185501066
	0.805731839218

	204.807692308
	0.924068947318

112
0.451307400119
	80.4110738255
	0.368994669114

	134.243697479
	0.379000762199

	402.731092437
	0.3856052087

	100.471698113
	0.948598713308

	200.523012552
	0.980613470767

113
0.455000702399
	79.3460264901
	0.35339755148

	132.389502762
	0.354239012886

	396.074380165
	0.356075266413

	99.4294605809
	0.975095139453

	198.858921162
	0.990438406234

114
0.435050620382
	79.0841584158
	0.3605699697

	131.662087912
	0.364749285023

	396.074380165
	0.366786830246

	98.6111111111
	0.970496264407

	197.222222222
	0.991406640542

115
0.391798757224
	78.6945812808
	0.383443650852

	131.301369863
	0.381382153513

	392.827868852
	0.379350164168

	98.0061349693
	0.984401477652

	195.612244898
	0.995603659464

116
0.368643097296
	78.5655737705
	0.359046313852

	130.942622951
	0.365697669084

	392.827868852
	0.368375455279

	97.6069246436
	0.9873261817

	195.612244898
	0.995719645174

117
0.372703090172
	97.0141700405
	0.982828832503

	194.028340081
	0.994875922896

118
0.395431119213
	96.234939759
	0.918530765238

	192.469879518
	0.976074626532

119
0.299592051048
	94.3405511811
	0.738326775597

	188.681102362
	0.910821183883

120
0.277835514581
	91.4599236641
	0.533142566696

	182.224334601
	0.814449173711

121
0.244538827172
	85.5803571429
	0.655355338218

	171.774193548
	0.824533373928

122
0.161571203818
	83.347826087
	0.759203565977

	166.986062718
	0.890966151404

123
0.0937893035255
	82.3453608247
	0.852517518324

	165.830449827
	0.878817844927

124
0.0978866124111
	83.347826087
	0.792160180221

	168.157894737
	0.858135342777

125
0.0784369506398
	85.8870967742
	0.808127313431

	172.392086331
	0.904297186411

126
0.0665952509784
	84.9734042553
	0.846630689956

	169.946808511
	0.911042269042

127
0.0318396354849
	1996.875
	0.713369454828

	84.6731448763
	0.830821717667

	169.346289753
	0.835848839368

128
0.0265308796961
	1843.26923077
	0.703578632594

	177.5
	0.758350049168

	163.566552901
	0.786193132826

	84.5238095238
	0.804602748575

129
0.0187556353307
	84.8230088496
	0.827007759588

	175.549450549
	0.827415666886

130
0.0132700784267
	174.272727273
	0.877860199226

	85.1243339254
	0.889667080095

131
0.00971674026457
	84.8230088496
	0.891846420682

	168.75
	0.899727984767

132
0.00768902570945
	84.8230088496
	0.891135754165

	170.551601423
	0.906001484588

133
0.00565048450756
	86.1960431655
	0.864285305921

	172.392086331
	0.905005852743

134
0.00377153362345
	85.4278074866
	0.848084719766

	172.392086331
	0.896452820475

135
0.00389920555375
	85.4278074866
	0.80944152287

	171.774193548
	0.858364528012

136
0.00361545453145
	84.8230088496
	0.569508414202

	176.194852941
	0.712694423359

137
0.00450544346718
	86.0412926391
	0.532062960678

	177.5
	0.733443732051

138
0.0021379935491
	84.9734042553
	0.565677253257

	179.494382022
	0.628543549384

139
0.00162110889376
	84.8230088496
	0.502159739003

	178.159851301
	0.618175635841

140
0.00223303827161
	85.2758007117
	0.371822878221

	178.159851301
	0.604532468629

	186.478599222
	0.606055117691

141
0.00196593773812
	85.4278074866
	0.263829354339

	182.919847328
	0.482733769674

142
0.00116065151046
	165.25862069
	0.262729937726

	184.326923077
	0.311917472281

143
0.00161283618586
	196.413934426
	0.254771136619

	694.565217391
	0.267118976262

	826.293103448
	0.287473933182

	1019.68085106
	0.292322030776

144
0.0014647690235
	153.115015974
	0.276233944196

	189.42687747
	0.358578776158

	840.789473684
	0.361217546406

	86.3513513514
	0.398044035097

145
0.00198862587753
	86.3513513514
	0.489304788496

	168.75
	0.560441764268

	185.755813953
	0.573567036941

	181.534090909
	0.574435805275

146
0.00151359741611
	187.941176471
	0.511140070947

147
0.00137803977183
	190.178571429
	0.295557740932

148
0.00105473151976
149
0.00123204556192
150
0.00122063046383
	198.858921162
	0.355107124603

	319.5
	0.540298707886

	656.506849315
	0.687392796095

151
0.00115353739123
	197.222222222
	0.404787488301

	684.642857143
	0.592474396917

	484.090909091
	0.608357212241

152
0.000972459076481
	190.178571429
	0.265352615597

	684.642857143
	0.419695260408

	812.288135593
	0.424824157237

	452.122641509
	0.444027072212

	413.146551724
	0.452329145047

153
0.000739285925889
	577.409638554
	0.248068237701

	684.642857143
	0.264545488164

	826.293103448
	0.298034361881

	409.615384615
	0.323257008494

154
0.000931312660615
	217.840909091
	0.302870207203

	469.852941176
	0.633889546494

155
0.00118487057138
156
0.00120116109236
157
0.00115547014223
158
0.00118617230691
159
0.00132141648925
160
0.00128544615334
161
0.000865026719115
	3993.75
	0.952750495907

162
0.000783496948505
	3993.75
	0.941250574399

163
0.000840640303767
	199.6875
	0.332326230821

	211.123348018
	0.333149771849

	220.852534562
	0.334616306196

	278.63372093
	0.394979481087

	599.0625
	0.636978231645

	3993.75
	0.923618860309

164
0.000691506336726
	614.423076923
	0.700557294122

	3993.75
	0.918078569016

165
0.000619640941167
	280.263157895
	0.315643065643

	520.923913043
	0.645645360609

	591.666666667
	0.666567952826

	826.293103448
	0.704619602647

	2178.40909091
	0.846529260156

	3993.75
	0.884639194949

166
0.000788119305302
	520.923913043
	0.609525638225

	584.451219512
	0.627494763013

	704.779411765
	0.639405357216

	840.789473684
	0.671930448458

	2083.69565217
	0.818409262958

	3993.75
	0.86767360758

167
0.000554175073065
	321.644295302
	0.301361996507

	347.282608696
	0.343807013844

	591.666666667
	0.617631198583

	840.789473684
	0.696584325917

	1065.0
	0.724434429504

	1369.28571429
	0.761588936114

	1996.875
	0.805417249641

	3993.75
	0.861122820101

168
0.00046832879873
	1917.0
	0.772156854516

	3686.53846154
	0.844300246216

169
0.000551733322397
	3993.75
	0.890271275385

170
0.000514904406939
	3993.75
	0.87976868413

171
0.00077547691587
	81.9230769231
	0.227685074024

	83.347826087
	0.23160980501

	80.0083472454
	0.234397349806

172
0.000771878648926
	4356.81818182
	0.939946937457

173
0.000842217041284
